Time,Pressure22127,-0.01
22228,-0.01
22328,-0.01
22428,-0.04
22529,-0.01
22630,-0.01
22730,-0.04
22831,-0.01
22931,-0.01
23031,-0.01
23133,-0.01
23233,-0.04
23334,-0.01
23434,-0.01
23534,-0.04
23636,-0.04
23736,-0.01
23836,-0.04
23937,-0.04
24037,-0.01
24138,-0.01
24239,-0.04
24339,-0.01
24439,-0.01
24541,-0.01
24641,-0.01
24742,-0.01
24842,-0.04
24942,-0.04
25044,-0.04
25144,-0.04
25244,-0.04
25345,-0.04
25445,-0.01
25546,-0.04
25647,-0.04
25747,-0.01
25847,-0.04
25948,-0.01
26049,-0.04
26150,-0.01
26250,-0.01
26350,-0.04
26451,-0.04
26552,-0.04
26652,-0.04
26753,-0.01
26853,-0.01
26953,-0.04
27055,-0.01
27155,-0.01
27255,-0.01
27356,-0.01
27456,-0.04
27558,-0.01
27658,-0.04
27758,-0.04
27859,-0.01
27960,-0.04
28060,-0.01
28161,-0.04
28261,-0.01
28361,-0.04
28463,-0.04
28563,-0.01
28663,-0.01
28764,-0.01
28864,-0.04
28966,-0.01
29066,-0.04
29166,-0.01
29267,-0.01
29367,-0.04
29468,-0.04
29569,-0.01
29669,-0.04
29769,-0.04
29870,-0.04
29971,-0.01
30071,-0.04
30172,-0.01
30272,-0.01
30373,-0.04
30474,-0.04
30574,-0.01
30675,-0.01
30775,-0.01
30876,-0.01
30977,-0.04
31077,-0.01
31177,-0.01
31278,-0.01
31379,-0.01
31479,-0.01
31580,-0.04
31680,-0.01
31781,-0.04
31882,-0.01
31982,-0.04
32083,-0.01
32183,-0.04
32283,-0.01
32385,-0.04
32485,-0.01
32585,-0.01
32686,-0.01
32786,-0.04
32887,-0.04
32988,-0.04
33088,-0.04
33189,-0.01
33289,-0.04
33390,-0.04
33491,-0.01
33591,-0.04
33691,-0.01
33793,-0.04
33893,-0.04
33993,-0.04
34094,-0.01
34194,-0.04
34295,-0.01
34396,-0.01
34496,-0.04
34597,-0.01
34697,-0.04
34798,-0.04
34899,-0.01
34999,-0.04
35099,-0.04
35200,-0.01
35301,-0.04
35401,-0.01
35502,-0.01
35602,-0.04
35702,-0.01
35804,-0.01
35904,-0.01
36005,-0.04
36105,-0.04
36205,-0.04
36307,-0.01
36407,-0.04
36507,-0.01
36608,-0.04
36708,-0.04
36809,-0.04
36910,-0.01
37010,-0.01
37110,-0.01
37212,-0.04
37312,-0.04
37413,-0.01
37513,-0.04
37613,-0.01
37715,-0.01
37815,-0.01
37915,-0.01
38016,-0.01
38116,-0.01
38217,-0.01
38318,-0.04
38418,-0.04
38518,-0.04
38619,-0.04
38720,-0.04
38821,-0.01
38921,-0.01
39021,-0.01
39122,-0.01
39223,-0.04
39323,-0.04
39424,-0.04
39524,-0.01
39624,-0.01
39726,-0.04
39826,-0.04
39926,-0.01
40027,-0.04
40128,-0.01
40229,-0.01
40329,-0.04
40429,-0.04
40530,-0.01
40631,-0.01
40731,-0.04
40832,-0.04
40932,-0.04
41032,-0.01
41134,-0.01
41234,-0.01
41334,-0.04
41435,-0.01
41535,-0.04
41637,-0.04
41737,-0.04
41837,-0.01
41938,-0.04
42038,-0.01
42139,-0.04
42240,-0.01
42340,-0.01
42440,-0.01
42541,-0.01
42642,-0.04
42742,-0.01
42843,-0.01
42943,-0.04
43045,-0.01
43145,-0.04
43245,-0.04
43346,-0.04
43446,-0.01
43547,-0.04
43648,-0.04
43748,-0.01
43848,-0.01
43949,-0.01
44050,-0.04
44150,-0.01
44251,-0.01
44351,-0.04
44452,-0.04
44553,-0.04
44653,-0.01
44754,-0.04
44854,-0.01
44954,-0.01
45056,-0.04
45156,-0.04
45256,-0.04
45357,-0.01
45457,-0.04
45558,-0.01
45659,-0.01
45759,-0.01
45860,-0.04
45960,-0.04
46061,-0.01
46162,-0.04
46262,-0.01
46362,-0.01
46464,-0.01
46564,-0.04
46664,-0.01
46765,-0.04
46865,-0.01
46966,-0.01
47067,-0.04
47167,-0.01
47268,-0.01
47368,-0.01
47469,-0.01
47570,-0.04
47670,-0.01
47770,-0.04
47871,-0.01
47972,-0.01
48072,-0.04
48173,-0.04
48273,-0.01
48373,-0.01
48475,-0.04
48575,-0.01
48676,-0.04
48776,-0.01
48876,-0.01
48978,-0.01
49078,-0.04
49178,-0.04
49279,-0.04
49380,-0.04
49480,-0.04
49581,-0.04
49681,-0.01
49781,-0.01
49883,-0.04
49983,-0.04
50084,-0.04
50184,-0.04
50284,-0.04
50386,-0.04
50486,-0.01
50586,-0.04
50687,-0.04
50787,-0.04
50888,-0.01
50989,-0.04
51089,-0.04
51189,-0.01
51290,-0.04
51391,-0.01
51492,-0.04
51592,-0.04
51692,-0.01
51793,-0.04
51894,-0.04
51994,-0.04
67213,0.32
67313,0.29
67414,0.21
67515,0.18
67615,0.18
67716,0.18
67816,0.18
67916,0.14
68018,0.14
68118,0.18
68219,0.14
68319,0.18
68419,0.14
68521,0.14
68621,0.14
68721,0.14
68822,0.14
68922,0.10
69023,0.14
69124,0.10
69224,0.10
69324,0.10
69425,0.29
69526,1.02
69627,2.08
69727,3.40
69827,4.35
69928,5.19
70029,5.71
70129,5.89
70230,5.96
70330,6.15
70430,6.29
70532,6.66
70632,7.02
70732,7.21
70833,6.91
70933,6.84
71035,6.62
71135,6.11
71235,5.74
71336,5.52
71436,5.38
71537,5.30
71638,6.15
71738,6.55
71838,6.44
71940,6.22
72040,6.00
72140,5.78
72241,5.71
72341,5.67
72443,5.63
72543,5.60
72643,5.52
72744,7.02
72844,7.54
72945,7.65
73046,7.72
73146,7.79
73246,7.50
73348,7.32
73448,7.13
73548,6.84
73649,6.69
73749,6.62
73851,6.55
73951,6.51
74051,6.47
74152,6.44
74252,6.44
74353,6.40
74454,6.40
74554,6.36
74654,6.36
74755,6.36
74856,6.36
74956,6.36
75057,6.55
75157,6.73
75259,6.91
75359,7.02
75459,7.06
75560,7.21
75660,7.21
75761,6.69
75862,6.36
75962,6.44
76062,6.77
76163,7.13
76264,7.43
76364,7.54
76465,7.65
76565,7.65
76667,7.39
76767,7.24
76867,7.32
76968,7.35
77068,7.50
77169,7.72
77270,7.83
77370,7.83
77470,7.90
77571,7.90
77672,7.98
77772,8.05
77873,8.05
77973,8.12
78075,8.16
78175,8.16
78275,8.16
78376,8.05
78476,8.01
78577,7.87
78678,7.87
78778,7.79
78878,7.79
78979,7.76
79080,7.83
79180,7.98
79281,8.01
79381,8.12
79483,8.12
79583,8.16
79683,8.12
79784,7.61
79884,6.95
79985,6.36
80086,6.00
80186,5.78
80286,5.63
80387,5.56
80488,5.49
80588,5.49
80689,5.41
80789,5.41
80891,5.38
80991,5.41
81091,5.38
81192,5.38
81292,5.38
81393,5.34
81494,5.34
81594,5.34
81694,5.34
81795,5.34
81896,5.30
81996,5.30
82097,5.30
82197,5.27
82298,5.27
82399,5.27
82499,5.27
82600,5.27
82700,5.23
82801,5.23
82902,5.19
83002,5.23
83102,5.19
83203,4.17
83304,3.84
83404,3.29
83505,2.96
83605,2.78
83706,2.52
83807,2.41
83907,2.23
84008,2.12
84108,2.01
84208,1.86
84310,1.71
84410,1.64
84510,1.53
84611,1.38
84711,1.27
84812,1.20
84913,1.09
85013,0.98
85114,0.94
85214,0.91
85315,0.83
85416,0.76
85516,0.69
85616,0.65
85717,0.58
85818,0.51
85918,0.47
86019,0.43
86119,0.40
86219,0.32
86321,0.29
86421,0.21
86522,0.18
86622,0.14
86722,0.10
86824,0.03
86924,0.03
87024,0.03
87125,0.03
87225,-0.01
87326,-0.01
87427,-0.01
87527,-0.01
87627,-0.01
87728,-0.01
87829,-0.04
87930,-0.04
88030,-0.01
88130,-0.01
88231,-0.01
88332,-0.01
88432,-0.04
88533,-0.04
88633,-0.01
88734,-0.01
88835,-0.04
88935,-0.01
89035,-0.04
89136,-0.04
89237,-0.04
89338,-0.04
89438,-0.01
89538,-0.01
89639,-0.04
89740,-0.04
89840,-0.04
89941,-0.01
90041,-0.04
90141,-0.04
90243,-0.04
90343,-0.01
90443,-0.04
90544,-0.01
90644,-0.04
90746,-0.04
90846,-0.01
90946,-0.04
91047,-0.04
91147,-0.01
91248,-0.01
91349,-0.04
91449,-0.01
91549,-0.04
91651,-0.04
91751,-0.01
91851,-0.04
91952,-0.04
92052,-0.04
92154,-0.01
92254,-0.01
92354,-0.04
92455,-0.01
92555,-0.04
92656,-0.04
92757,-0.01
92857,-0.04
92957,-0.04
93058,-0.01
93159,-0.01
93259,-0.04
93360,-0.01
93460,-0.01
93561,-0.01
93662,-0.01
93762,-0.04
93863,-0.01
93963,-0.01
94063,-0.04
94165,-0.04
94265,-0.04
94365,-0.01
94466,-0.04
94566,-0.04
94667,-0.04
94768,-0.01
94868,-0.01
94969,-0.04
95070,-0.01
95170,-0.04
95271,-0.01
95371,-0.01
95471,-0.04
95573,-0.01
95673,-0.01
95773,-0.01
95874,-0.04
95974,-0.01
96075,-0.04
96176,-0.01
96276,-0.01
96377,-0.01
96477,-0.01
96578,-0.01
96679,-0.04
96779,-0.04
96879,-0.01
96980,-0.04
97081,-0.01
112300,-0.08
112400,-0.08
112500,-0.08
112601,-0.08
112702,-0.04
112803,-0.08
112903,-0.08
113003,-0.08
113105,-0.08
113205,-0.08
113305,-0.08
113406,-0.04
113507,-0.08
113607,-0.04
113708,-0.08
113808,-0.04
113909,-0.04
114010,-0.01
114110,-0.01
114211,-0.01
114311,0.29
114412,0.54
114513,0.83
114613,0.91
114713,0.87
114815,0.87
114915,0.76
115015,0.76
115116,0.73
115217,0.73
115317,0.73
115418,0.69
115518,0.69
115619,1.09
115720,2.26
115820,3.22
115921,3.80
116021,4.24
116122,4.50
116223,4.90
116323,5.38
116423,5.74
116525,5.78
116625,5.93
116725,5.74
116826,5.71
116927,5.78
117028,5.71
117128,5.74
117228,5.52
117330,5.38
117430,5.16
117530,5.05
117631,4.79
117732,4.75
117832,4.72
117933,4.68
118033,4.68
118134,4.64
118235,4.64
118335,4.61
118436,4.61
118537,4.57
118637,4.53
118738,4.53
118838,4.53
118939,4.53
119040,4.53
119140,4.53
119240,4.53
119341,4.50
119442,4.46
119542,4.46
119643,4.46
119743,4.42
119845,4.42
119945,4.50
120045,4.68
120146,4.86
120247,4.97
120347,5.05
120448,5.19
120548,5.23
120649,5.30
120750,5.34
120850,5.30
120950,5.30
121052,5.27
121152,5.34
121253,5.23
121353,5.16
121454,5.27
121555,5.38
121655,5.38
121755,5.38
121857,5.38
121957,5.38
122057,5.45
122158,5.41
122259,5.41
122359,5.45
122460,5.41
122560,5.45
122661,5.49
122762,5.49
122862,5.56
122963,5.56
123063,5.56
123164,5.56
123265,5.56
123365,5.56
123465,5.52
123567,5.56
123667,5.52
123767,5.56
123868,5.52
123969,5.41
124070,5.34
124170,5.34
124270,5.38
124372,5.38
124472,5.38
124572,5.34
124673,5.30
124774,5.30
124874,5.27
124975,5.23
125075,5.19
125177,5.16
125277,5.12
125377,5.05
125478,5.05
125579,5.12
125679,5.08
125780,4.97
125880,4.90
125980,4.86
126082,4.90
126182,4.90
126282,4.90
126383,4.86
126484,4.86
126585,4.90
126685,4.94
126785,4.86
126887,4.83
126987,4.83
127087,4.79
127188,4.72
127289,4.75
127389,4.72
127490,4.64
127590,4.57
127691,4.46
127792,4.50
127892,4.61
127993,4.75
128094,4.79
128194,4.68
128295,4.68
128395,4.64
128496,4.61
128597,4.61
128697,4.57
128797,4.57
128899,4.53
128999,4.57
129099,4.57
129200,4.57
129301,4.64
129402,4.61
129502,4.61
129602,4.61
129703,4.61
129804,4.57
129904,4.57
130005,4.57
130105,4.53
130206,4.53
130307,4.53
130407,4.53
130507,4.53
130609,4.53
130709,4.50
130810,4.46
130910,4.39
131011,4.31
131112,4.31
131212,4.24
131312,4.20
131414,4.13
131514,4.09
131614,4.06
131715,3.98
131816,3.91
131916,3.69
132017,3.47
132117,3.29
132219,3.22
132319,3.14
132419,3.14
132520,3.14
132620,3.11
132721,3.11
132822,3.07
132922,3.07
133022,3.07
133124,3.03
133224,3.03
133324,3.03
133425,3.00
133526,3.03
133627,3.00
133727,2.96
133827,3.00
133929,3.03
134029,2.96
134129,3.00
134230,2.96
134331,2.96
134431,2.92
134532,2.96
134632,2.92
134734,2.92
134834,2.89
134934,2.92
135035,2.89
135136,2.85
135236,2.89
135337,2.89
135437,2.85
135538,2.85
135639,2.85
135739,2.85
135839,2.81
135941,2.85
136041,2.81
136142,2.81
136242,2.78
136342,2.78
136444,2.81
136544,2.78
136644,2.78
136745,2.74
136846,2.74
136946,2.74
137047,2.70
137147,2.74
137248,2.74
137349,2.67
137449,2.70
137550,2.70
137651,2.67
137751,2.67
137852,2.67
137952,2.67
138053,2.63
138154,2.63
138254,2.81
138354,3.11
138456,3.25
138556,3.40
138656,3.47
138757,3.51
138858,3.51
138959,3.51
139059,3.44
139159,3.40
139261,3.33
139361,3.18
139461,3.00
139562,2.70
139663,2.74
139763,3.18
139864,3.33
139964,3.29
140064,3.36
140166,3.29
140266,3.22
140367,3.22
140467,3.22
140568,3.18
140669,2.96
140769,2.70
140869,2.70
140971,2.92
141071,3.00
141171,3.14
141272,3.22
141373,3.33
141473,3.36
141574,3.33
141674,3.36
141776,3.40
141876,3.36
141976,3.36
142077,3.25
142178,3.33
157397,1.16
157497,1.16
157597,1.16
157698,1.16
157799,1.16
157899,1.16
158000,1.16
158100,1.16
158201,1.13
158302,1.16
158402,1.13
158503,1.13
158603,1.13
158704,1.09
158805,1.13
158905,1.09
159005,1.13
159107,1.09
159207,1.09
159307,1.05
159408,1.09
159508,1.05
159610,1.09
159710,1.09
159810,1.05
159911,1.05
160012,1.05
160112,1.05
160213,1.05
160313,1.02
160413,1.02
160515,1.05
160615,1.02
160715,1.05
160816,1.02
160917,1.02
161018,1.02
161118,1.02
161218,1.02
161320,0.98
161420,0.98
161520,0.98
161621,0.98
161721,0.98
161822,0.98
161923,0.98
162023,0.98
162123,0.98
162225,0.98
162325,0.94
162426,0.94
162526,0.94
162627,0.94
162728,0.94
162828,0.94
162928,0.94
163029,0.94
163130,0.94
163230,0.94
163331,0.91
163431,0.91
163532,0.91
163633,0.91
163733,0.91
163834,0.91
163935,0.87
164035,0.87
164136,0.87
164236,0.87
164336,0.87
164438,0.87
164538,0.87
164638,0.87
164739,0.87
164840,0.83
164940,0.83
165041,0.83
165141,0.87
165243,0.83
165343,0.83
165443,0.80
165544,0.83
165644,0.80
165745,0.83
165846,0.80
165946,0.80
166046,0.76
166148,0.80
166248,0.80
166348,0.76
166449,0.76
166550,0.76
166651,0.76
166751,0.76
166851,0.76
166953,0.76
167053,0.76
167153,0.73
167254,0.73
167354,0.73
167455,0.73
167556,0.73
167656,0.73
167756,0.73
167858,0.69
167958,0.73
168059,0.69
168159,0.69
168260,0.69
168361,0.69
168461,0.69
168561,0.69
168662,0.69
168763,0.69
168863,0.65
168964,0.65
169064,0.65
169166,0.69
169266,0.69
169366,0.65
169467,0.65
169568,0.65
169668,0.65
169769,0.65
169869,0.62
169969,0.62
170071,0.62
170171,0.62
170271,0.62
170372,0.62
170473,0.62
170574,0.58
170674,0.62
170774,0.58
170876,0.58
170976,0.58
171076,0.58
171177,0.58
171277,0.58
171378,0.54
171479,0.54
171579,0.54
171679,0.54
171781,0.54
171881,0.54
171982,0.54
172082,0.54
172182,0.54
172284,0.51
172384,0.51
172484,0.51
172585,0.51
172686,0.51
172786,0.54
172887,0.51
172987,0.51
173088,0.51
173189,0.47
173289,0.47
173390,0.47
173490,0.51
173591,0.47
173692,0.47
173792,0.47
173892,0.47
173994,0.47
174094,0.47
174194,0.47
174295,0.43
174396,0.43
174496,0.43
174597,0.43
174697,0.47
174798,0.43
174899,0.47
174999,0.43
175100,0.47
175200,0.43
175301,0.43
175402,0.40
175502,0.43
175602,0.40
175704,0.40
175804,0.36
175904,0.43
176005,0.40
176105,0.40
176207,0.36
176307,0.36
176407,0.36
176508,0.40
176609,0.36
176709,0.36
176810,0.36
176910,0.36
177011,0.36
177112,0.36
177212,0.36
177312,0.36
177413,0.36
177514,0.32
177615,0.36
177715,0.32
177815,0.32
177917,0.32
178017,0.32
178117,0.32
178218,0.32
178319,0.32
178419,0.29
178520,0.32
178620,0.32
178720,0.32
178822,0.32
178922,0.32
179023,0.32
179123,0.29
179224,0.29
179325,0.32
179425,0.32
179525,0.29
179627,0.29
179727,0.29
179827,0.29
179928,0.29
180028,0.29
180129,0.25
180230,0.25
180330,0.25
180431,0.25
180532,0.25
180632,0.25
180733,0.25
180833,0.25
180934,0.25
181035,0.25
181135,0.25
181235,0.25
181336,0.25
181437,0.25
181537,0.25
181638,0.25
181738,0.21
181840,0.21
181940,0.21
182040,0.21
182141,0.21
182242,0.21
182342,0.21
182443,0.21
182543,0.21
182643,0.21
182745,0.25
182845,0.21
182945,0.21
183046,0.21
183147,0.21
183248,0.21
183348,0.18
183448,0.21
183550,0.18
183650,0.21
183750,0.18
183851,0.18
183951,0.18
184052,0.18
184153,0.18
184253,0.21
184353,0.18
184455,0.18
184555,0.18
184656,0.18
184756,0.18
184857,0.18
184958,0.14
185058,0.18
185158,0.14
185259,0.07
185360,0.10
185460,0.07
185561,0.10
185661,0.07
185763,0.07
185863,0.10
185963,0.07
186064,0.07
186165,0.10
186265,0.10
186366,0.07
186466,0.10
186566,0.07
186668,0.07
186768,0.07
186868,0.07
186969,0.07
187070,0.07
187171,0.07
187271,0.07
202389,-0.15
202491,-0.15
202591,-0.19
202691,-0.19
202792,-0.15
202893,-0.19
202993,-0.15
203094,-0.15
203194,-0.15
203294,-0.15
203396,-0.15
203496,-0.15
203596,-0.15
203697,-0.15
203798,-0.12
203899,-0.12
203999,-0.12
204099,-0.12
204201,-0.12
204301,-0.15
204401,-0.15
204502,-0.12
204603,-0.15
204703,-0.12
204804,-0.15
204904,-0.15
205006,-0.12
205106,-0.15
205206,-0.15
205307,-0.12
205407,-0.15
205508,-0.15
205609,-0.15
205709,-0.12
205809,-0.15
205911,-0.12
206011,-0.15
206111,-0.12
206212,-0.12
206313,-0.12
206414,-0.12
206514,-0.15
206614,-0.12
206716,-0.15
206816,-0.12
206916,-0.12
207017,-0.12
207118,-0.12
207218,-0.12
207319,-0.12
207419,-0.12
207519,-0.12
207621,-0.12
207721,-0.12
207822,-0.08
207922,-0.12
208023,-0.12
208124,-0.12
208224,-0.12
208324,-0.12
208426,-0.12
208526,-0.12
208626,-0.12
208727,-0.12
208828,-0.12
208928,-0.12
209029,-0.12
209129,-0.12
209231,-0.08
209331,-0.12
209431,-0.12
209532,-0.12
209632,-0.12
209733,-0.12
209834,-0.12
209934,-0.12
210034,-0.12
210136,-0.08
210236,-0.08
210336,-0.12
210437,-0.08
210538,-0.08
210639,-0.12
210739,-0.08
210839,-0.08
210941,-0.08
211041,-0.08
211141,-0.08
211242,-0.08
211343,-0.04
211443,-0.12
211544,-0.08
211644,-0.08
211745,-0.08
211846,-0.04
211946,-0.08
212047,-0.08
212147,-0.08
212248,-0.12
212349,-0.08
212449,-0.08
212549,-0.08
212651,-0.04
212751,-0.12
212851,-0.08
212952,-0.08
213053,-0.08
213153,-0.04
213254,-0.08
213354,-0.08
213456,-0.04
213556,-0.08
213656,-0.08
213757,-0.08
213858,-0.04
213958,-0.04
214059,-0.08
214159,-0.08
214260,-0.08
214361,-0.08
214461,-0.04
214561,-0.08
214662,-0.08
214763,-0.04
214864,-0.08
214964,-0.04
215064,-0.04
215166,-0.08
215266,-0.08
215366,-0.08
215467,-0.04
215568,-0.04
215668,-0.08
215769,-0.08
215869,-0.08
215971,-0.08
216071,-0.04
216171,-0.04
216272,-0.04
216373,-0.04
216473,-0.04
216574,-0.08
216674,-0.04
216775,-0.04
216876,-0.08
216976,-0.08
217076,-0.04
217177,-0.08
217278,-0.08
217379,-0.08
217479,-0.04
217579,-0.04
217681,-0.04
217781,-0.08
217881,-0.04
217982,-0.04
218083,-0.04
218183,-0.04
218284,-0.04
218384,-0.04
218485,-0.04
218586,-0.08
218686,-0.08
218787,-0.04
218888,-0.04
218988,-0.04
219089,-0.04
219189,-0.04
219290,-0.04
219391,-0.04
219491,-0.04
219591,-0.08
219692,-0.01
219793,-0.04
219893,-0.04
219994,-0.08
220094,-0.04
220196,-0.04
220296,-0.04
220396,-0.04
220497,-0.04
220598,-0.04
220698,-0.04
220799,-0.04
220899,-0.04
221000,-0.04
221101,-0.04
221201,-0.04
221301,-0.04
221403,-0.04
221503,-0.04
221604,-0.04
221704,-0.01
221804,-0.01
221906,-0.04
222006,-0.04
222106,-0.04
222207,-0.04
222308,-0.04
222408,-0.04
222509,-0.04
222609,-0.04
222710,-0.04
222811,-0.01
222911,-0.01
223012,-0.01
223113,-0.04
223213,-0.04
223314,-0.04
223414,-0.04
223515,-0.04
223616,-0.04
223716,-0.04
223816,-0.04
223917,-0.04
224018,-0.01
224118,-0.04
224219,-0.04
224319,-0.04
224421,-0.01
224521,-0.04
224621,-0.01
224722,-0.04
224823,-0.01
224923,-0.04
225024,-0.04
225124,-0.04
225225,-0.01
225326,-0.04
225426,-0.04
225526,-0.04
225628,-0.01
225728,-0.04
225829,-0.01
225929,-0.04
226029,-0.04
226131,-0.04
226231,-0.01
226331,-0.04
226432,-0.04
226533,-0.04
226633,-0.04
226734,-0.04
226834,-0.04
226935,-0.04
227036,-0.01
227136,-0.04
227237,-0.04
227338,-0.04
227438,-0.04
227539,-0.04
227639,-0.04
227740,-0.04
227841,-0.04
227941,-0.04
228041,-0.04
228142,-0.04
228243,-0.04
228343,-0.04
228444,-0.04
228544,-0.04
228646,-0.04
228746,-0.04
228846,-0.04
228947,-0.01
229048,-0.04
229148,-0.04
229249,-0.04
229349,-0.04
229450,-0.04
229551,-0.04
229651,-0.01
229751,-0.01
229853,-0.04
229953,-0.01
230054,-0.04
230154,-0.04
230254,-0.01
230356,-0.01
230456,-0.01
230556,-0.04
230657,-0.04
230758,-0.04
230858,-0.01
230959,-0.04
231059,-0.04
231161,-0.04
231261,-0.04
231361,-0.01
231462,-0.01
231563,-0.04
231663,-0.01
231764,-0.04
231864,-0.01
231965,-0.01
232066,-0.04
232166,-0.04
232266,-0.01
232367,-0.04
247486,-0.15
247587,-0.15
247687,-0.15
247787,-0.15
247889,-0.15
247989,-0.19
248089,-0.15
248190,-0.15
248291,-0.19
248391,-0.15
248492,-0.12
248592,-0.15
248693,-0.15
248794,-0.15
248894,-0.15
248995,-0.15
249096,-0.15
249196,-0.15
249297,-0.15
249397,-0.19
249498,-0.15
249599,-0.15
249699,-0.15
249799,-0.15
249900,-0.15
250001,-0.15
250101,-0.15
250202,-0.15
250302,-0.15
250404,-0.15
250504,-0.15
250604,-0.15
250705,-0.15
250806,-0.15
250906,-0.12
251007,-0.15
251107,-0.15
251208,-0.12
251309,-0.12
251409,-0.12
251509,-0.15
251611,-0.15
251711,-0.12
251812,-0.12
251912,-0.15
252012,-0.12
252114,-0.12
252214,-0.15
252314,-0.12
252415,-0.15
252516,-0.12
252616,-0.15
252717,-0.15
252817,-0.12
252918,-0.12
253019,-0.12
253119,-0.12
253220,-0.12
253321,-0.15
253421,-0.12
253522,-0.12
253622,-0.12
253723,-0.12
253824,-0.12
253924,-0.12
254024,-0.12
254125,-0.12
254226,-0.08
254326,-0.12
254427,-0.12
254527,-0.12
254629,-0.12
254729,-0.12
254829,-0.12
254930,-0.12
255031,-0.08
255131,-0.08
255232,-0.12
255332,-0.12
255433,-0.12
255534,-0.12
255634,-0.12
255734,-0.08
255836,-0.12
255936,-0.12
256037,-0.12
256137,-0.12
256238,-0.12
256339,-0.08
256439,-0.08
256539,-0.08
256640,-0.08
256741,-0.08
256841,-0.08
256942,-0.12
257042,-0.08
257143,-0.12
257244,-0.12
257344,-0.08
257445,-0.08
257546,-0.08
257646,-0.08
257747,-0.08
257847,-0.12
257948,-0.08
258049,-0.08
258149,-0.08
258249,-0.08
258351,-0.08
258451,-0.04
258551,-0.12
258652,-0.08
258753,-0.08
258854,-0.08
258954,-0.08
259054,-0.08
259156,-0.08
259256,-0.08
259356,-0.08
259457,-0.08
259557,-0.08
259658,-0.08
259759,-0.08
259859,-0.08
259959,-0.08
260061,-0.08
260161,-0.08
260262,-0.12
260362,-0.08
260463,-0.08
260564,-0.08
260664,-0.04
260764,-0.08
260866,-0.08
260966,-0.08
261066,-0.08
261167,-0.08
261268,-0.04
261369,-0.08
261469,-0.08
261569,-0.08
261671,-0.04
261771,-0.08
261871,-0.04
261972,-0.08
262073,-0.04
262173,-0.08
262274,-0.04
262374,-0.08
262474,-0.08
262576,-0.08
262676,-0.04
262777,-0.08
262877,-0.04
262978,-0.08
263079,-0.08
263179,-0.08
263279,-0.08
263381,-0.04
263481,-0.04
263581,-0.08
263682,-0.04
263783,-0.04
263883,-0.04
263984,-0.04
264084,-0.08
264186,-0.08
264286,-0.08
264386,-0.04
264487,-0.04
264588,-0.04
264688,-0.04
264789,-0.04
264889,-0.04
264989,-0.08
265091,-0.04
265191,-0.08
265291,-0.04
265392,-0.04
265493,-0.04
265594,-0.04
265694,-0.04
265794,-0.04
265896,-0.08
265996,-0.04
266096,-0.08
266197,-0.04
266298,-0.04
266398,-0.08
266499,-0.04
266599,-0.04
266700,-0.08
266801,-0.04
266901,-0.04
267002,-0.08
267103,-0.04
267203,-0.04
267304,-0.04
267404,-0.04
267504,-0.04
267606,-0.04
267706,-0.04
267806,-0.04
267907,-0.04
268008,-0.04
268108,-0.04
268209,-0.08
268309,-0.04
268411,-0.04
268511,-0.04
268611,-0.04
268712,-0.04
268813,-0.04
268913,-0.01
269014,-0.04
269114,-0.04
269215,-0.04
269316,-0.04
269416,-0.04
269516,-0.04
269617,-0.04
269718,-0.04
269819,-0.04
269919,-0.04
270019,-0.04
270121,-0.04
270221,-0.04
270321,-0.04
270422,-0.08
270523,-0.04
270623,-0.04
270724,-0.04
270824,-0.04
270926,-0.08
271026,-0.04
271126,-0.04
271227,-0.04
271328,-0.01
271428,-0.04
271529,-0.04
271629,-0.04
271729,-0.04
271831,-0.04
271931,-0.08
272031,-0.04
272132,-0.04
272233,-0.04
272334,-0.01
272434,-0.04
272534,-0.01
272636,-0.04
272736,-0.01
272836,-0.01
272937,-0.04
273038,-0.04
273138,-0.04
273239,-0.04
273339,-0.04
273440,-0.04
273541,-0.04
273641,-0.04
273742,-0.04
273843,-0.04
273943,-0.04
274044,-0.04
274144,-0.01
274244,-0.04
274346,-0.01
274446,-0.04
274546,-0.01
274647,-0.01
274748,-0.04
274848,-0.04
274949,-0.01
275049,-0.04
275151,-0.01
275251,-0.04
275351,-0.04
275452,-0.01
275553,-0.04
275653,-0.04
275754,-0.04
275854,-0.04
275955,-0.04
276056,-0.04
276156,-0.04
276256,-0.04
276357,-0.04
276458,-0.04
276559,-0.01
276659,-0.04
276759,-0.04
276861,-0.01
276961,-0.04
277061,-0.04
277162,-0.01
277263,-0.04
277363,-0.04
Logging end
